FileDisplay
{
    vector<int>
    {
          0
    }
    vector<int>
    {
          12
        30
        17
        33
        46
        21
        35
        22
        48
        39
        27
        54
        15
    }
    vector<int>
    {
          13
        42
        18
        31
        32
        20
        7
        9
        36
        12
        26
        53
        14
        41
    }
    vector<int>
    {
          13
        16
        43
        5
        34
        49
        23
        50
        24
        25
        38
        51
        13
        52
    }
    vector<int>
    {
          13
        3
        29
        44
        45
        6
        19
        47
        8
        10
        37
        11
        40
        28
    }
    4
    4
    1
    0
    1
    1
    1
    2
    3
    4
    1
    1
    1
    1
}
